Sequence name,Mononer name,Start position,End position,Estimated Identity,Length,Confidence
CP068257.1:11699867-12031015,13_1_2_8_4_12_14_10_6_12_3,75,1941,0.953993,1867,high
CP068257.1:11699867-12031015,13_1_2_8_4_12_14_10_6_12_3,1942,3811,0.977790,1870,high
CP068257.1:11699867-12031015,13_1_2_8_4_12_14_10_6_12_3,3812,5681,0.977790,1870,high
CP068257.1:11699867-12031015,13_1_2_8_4_12_14_10_6_12_3,5682,7547,0.973030,1866,high
CP068257.1:11699867-12031015,13_1_2_8_4_12_14_10_6_12_3,7548,9417,0.977790,1870,high
CP068257.1:11699867-12031015,13_1_2_8_4_12_14_10_6_12_3,9418,11287,0.978318,1870,high
CP068257.1:11699867-12031015,13_1_2_8_4_12_14_10_6_12_3,11288,13157,0.975674,1870,high
CP068257.1:11699867-12031015,13_1_2_8_4_12_14_10_6_12_3,13158,15027,0.980434,1870,high
CP068257.1:11699867-12031015,13_1_2_8_4_12_14_10_6_12_3,15028,16897,0.975674,1870,high
CP068257.1:11699867-12031015,13_1_2_8_4_12_14_10_6_12_3,16898,18767,0.978847,1870,high
CP068257.1:11699867-12031015,13_1_2_8_4_12_14_10_6_12_3,18768,20637,0.977261,1870,high
CP068257.1:11699867-12031015,13_1_2_8_4_12_14_10_6_12_3,20638,22507,0.977261,1870,high
CP068257.1:11699867-12031015,13_1_2_8_4_12_14_10_6_12_3,22508,24377,0.977790,1870,high
CP068257.1:11699867-12031015,13_1_2_8_4_12_14_10_6_12_3,24378,26247,0.976203,1870,high
CP068257.1:11699867-12031015,13_1_2_8_4_12_14_10_6_12_3,26248,28117,0.976203,1870,high
CP068257.1:11699867-12031015,13_1_2_8_4_12_14_10_6_12_3,28118,29987,0.976732,1870,high
CP068257.1:11699867-12031015,13_1_2_8_4_12_14_10_6_12_3,29988,31857,0.977261,1870,high
CP068257.1:11699867-12031015,13_1_2_8_4_12_14_10_6_12_3,31858,33727,0.976203,1870,high
CP068257.1:11699867-12031015,13_1_2_8_4_12_14_10_6_12_3,33728,35597,0.976732,1870,high
CP068257.1:11699867-12031015,13_1_2_8_4_12_14_10_6_12_3,35598,37467,0.976732,1870,high
CP068257.1:11699867-12031015,13_1_2_8_4_12_14_10_6_12_3,37468,39337,0.977261,1870,high
CP068257.1:11699867-12031015,13_1_2_8_4_12_14_10_6_12_3,39338,41207,0.976203,1870,high
CP068257.1:11699867-12031015,13_1_2_8_4_12_14_10_6_12_3,41208,43077,0.978318,1870,high
CP068257.1:11699867-12031015,13_1_2_8_4_12_14_10_6_12_3,43078,44947,0.975674,1870,high
CP068257.1:11699867-12031015,13_1_2_8_4_12_14_10_6_12_3,44948,46817,0.975674,1870,high
CP068257.1:11699867-12031015,13_1_2_8_4_12_14_10_6_12_3,46818,48687,0.976203,1870,high
CP068257.1:11699867-12031015,13_1_2_8_4_12_14_10_6_12_3,48688,50557,0.975674,1870,high
CP068257.1:11699867-12031015,13_1_2_8_4_12_14_10_6_12_3,50558,52427,0.975674,1870,high
CP068257.1:11699867-12031015,13_1_2_8_4_12_14_10_6_12_3,52428,54297,0.978847,1870,high
CP068257.1:11699867-12031015,13_1_2_8_4_12_14_10_6_12_3,54298,56167,0.976732,1870,high
CP068257.1:11699867-12031015,13_1_2_8_4_12_14_10_6_12_3,56168,58037,0.978847,1870,high
CP068257.1:11699867-12031015,13_1_2_8_4_12_14_10_6_12_3,58038,59907,0.978318,1870,high
CP068257.1:11699867-12031015,13_1_2_8_4_12_14_10_6_12_3,59908,61777,0.977790,1870,high
CP068257.1:11699867-12031015,13_1_2_8_4_12_14_10_6_12_3,61778,63647,0.976203,1870,high
CP068257.1:11699867-12031015,13_1_2_8_4_12_14_10_6_12_3,63648,65517,0.978847,1870,high
CP068257.1:11699867-12031015,13_1_2_8_4_12_14_10_6_12_3,65518,67387,0.977790,1870,high
CP068257.1:11699867-12031015,13_1_2_8_4_12_14_10_6_12_3,67388,69257,0.977261,1870,high
CP068257.1:11699867-12031015,13_1_2_8_4_12_14_10_6_12_3,69258,71127,0.978847,1870,high
CP068257.1:11699867-12031015,13_1_2_8_4_12_14_10_6_12_3,71128,72997,0.977790,1870,high
CP068257.1:11699867-12031015,13_1_2_8_4_12_14_10_6,72998,74518,0.982433,1521,low
CP068257.1:11699867-12031015,12_14_10_6_12_3_13_1_2_8_4,74519,76388,0.971973,1870,high
CP068257.1:11699867-12031015,12_14_10_6_12_3_13_1_2_8_4,76389,78258,0.977261,1870,high
CP068257.1:11699867-12031015,12_14_10_6,78259,78938,0.972622,680,low
CP068257.1:11699867-12031015,12_14_10_6_12_3_13_1_2_8_4,78939,80808,0.972501,1870,high
CP068257.1:11699867-12031015,12_14_10_6_12_3_13_1_2_8_4,80809,82678,0.976203,1870,high
CP068257.1:11699867-12031015,12_14_10_6_12_3_13_1_2_8_4,82679,84548,0.979905,1870,high
CP068257.1:11699867-12031015,12_14_10_6_12_3_13_1_2_8_4,84549,86414,0.974088,1866,high
CP068257.1:11699867-12031015,12_14_10_6_12_3_13_1_2_8_4,86415,88284,0.978847,1870,high
CP068257.1:11699867-12031015,12_14_10_6_12_3_13_1_2_8_4,88285,90154,0.977790,1870,high
CP068257.1:11699867-12031015,12_14_10_6_12_3_13_1_2_8_4,90155,92024,0.970386,1870,high
CP068257.1:11699867-12031015,12_14_10_6_12_3_13_1_2_8_4,92025,93893,0.974088,1869,high
CP068257.1:11699867-12031015,12,93894,94066,0.933333,173,low
CP068257.1:11699867-12031015,8_4_12_14_10_6_12_3_13_1_2,94067,95935,0.975145,1869,high
CP068257.1:11699867-12031015,8_4_12_14_10_6_12_3_13_1_2,95936,97805,0.978847,1870,high
CP068257.1:11699867-12031015,8_4_12_14_10_6_12_3_13_1_2,97806,99674,0.975145,1869,high
CP068257.1:11699867-12031015,8_4_12_14_10_6_12_3_13_1_2,99675,101544,0.978847,1870,high
CP068257.1:11699867-12031015,8_4_12_14_10_6_12_3_13_1_2,101545,103413,0.975145,1869,high
CP068257.1:11699867-12031015,8_4_12_14_10_6_12_3_13_1_2,103414,105283,0.978847,1870,high
CP068257.1:11699867-12031015,8_4_12_14_10_6_12_3_13_1_2,105284,107152,0.975674,1869,high
CP068257.1:11699867-12031015,8_4_12_14_10_6_12_3_13_1_2,107153,109022,0.978318,1870,high
CP068257.1:11699867-12031015,8_4_12_14_10_6_12_3_13_1_2,109023,110891,0.975674,1869,high
CP068257.1:11699867-12031015,8_4_12_14_10_6_12_3_13_1_2,110892,112761,0.978318,1870,high
CP068257.1:11699867-12031015,8_4_12_14_10_6_12_3_13_1_2,112762,114631,0.978318,1870,high
CP068257.1:11699867-12031015,8_4_12_14_10_6_12_3_13_1_2,114632,116500,0.976732,1869,high
CP068257.1:11699867-12031015,8_4_12_14_10_6_12_3_13_1_2,116501,118369,0.976203,1869,high
CP068257.1:11699867-12031015,8_4_12_14_10_6_12_3_13_1_2,118370,120239,0.976732,1870,high
CP068257.1:11699867-12031015,8_4_12_14_10_6_12_3_13_1_2,120240,122109,0.978318,1870,high
CP068257.1:11699867-12031015,8_4_12_14_10_6_12_3_13_1_2,122110,123979,0.978847,1870,high
CP068257.1:11699867-12031015,8_4_12_14_10_6_12_3_13_1_2,123980,125848,0.976203,1869,high
CP068257.1:11699867-12031015,8_4_12_14_10_6_12_3_13_1_2,125849,127717,0.975674,1869,high
CP068257.1:11699867-12031015,8_4_12_14_10_6_12_3_13_1_2,127718,129587,0.978318,1870,high
CP068257.1:11699867-12031015,8_4_12_14_10_6_12_3_13_1_2,129588,131457,0.978318,1870,high
CP068257.1:11699867-12031015,8_4_12_14_10_6_12_3_13_1_2,131458,133326,0.978318,1869,high
CP068257.1:11699867-12031015,8_4_12_14_10_6_12_3_13_1_2,133327,135195,0.975674,1869,high
CP068257.1:11699867-12031015,8_4_12_14_10_6_12_3_13_1_2,135196,137064,0.975674,1869,high
CP068257.1:11699867-12031015,8_4_12_14_10_6_12_3_13_1_2,137065,138934,0.978847,1870,high
CP068257.1:11699867-12031015,8_4_12_14_10_6_12_3_13_1_2,138935,140804,0.978318,1870,high
CP068257.1:11699867-12031015,8_4_12_14_10_6_12_3_13_1_2,140805,142673,0.978318,1869,high
CP068257.1:11699867-12031015,8_4_12_14_10_6_12_3_13_1_2,142674,144542,0.975674,1869,high
CP068257.1:11699867-12031015,8_4_12_14_10_6_12_3_13_1_2,144543,146411,0.978318,1869,high
CP068257.1:11699867-12031015,8_4_12_3,146412,147092,0.978386,681,low
CP068257.1:11699867-12031015,10_6_12_3_13_1_2_8_4_12_14,147093,148961,0.974617,1869,high
CP068257.1:11699867-12031015,10_6_12_3_13_1_2_8_4_12_14,148962,150829,0.978318,1868,high
CP068257.1:11699867-12031015,10_6_12_3_13_1_2_8_4_12_14,150830,152699,0.980434,1870,high
CP068257.1:11699867-12031015,10_6_12_3_13_1_2_8_4_12_14,152700,154569,0.977790,1870,high
CP068257.1:11699867-12031015,10_6_12_3_13_1_2_8_4,154570,156098,0.982456,1529,low
CP068257.1:11699867-12031015,12_3_13_1_2_8_4_12_14_10_6,156099,157968,0.984664,1870,high
CP068257.1:11699867-12031015,12_3_13_1_2_8_4_12_14_10_6,157969,159837,0.977790,1869,high
CP068257.1:11699867-12031015,12_3_13_1_2_8_4_12_14_10_6,159838,161707,0.977790,1870,high
CP068257.1:11699867-12031015,12_3_13_1_2_8_4_12_14_10_6,161708,163576,0.977790,1869,high
CP068257.1:11699867-12031015,12_3_13_1_2_8_4_12_3,163577,165115,0.980013,1539,low
CP068257.1:11699867-12031015,6_12_3_13_1_2_8_4_12_14_10,165276,167145,0.978847,1870,high
CP068257.1:11699867-12031015,6_12_3_13_1_2_8_4_12_14_10,167146,169014,0.977261,1869,high
CP068257.1:11699867-12031015,6_12_3_13_1_2_8_4_12_14_10,169015,170892,0.974088,1878,high
CP068257.1:11699867-12031015,3_13_1_2_8_4_12_14_10_6_12,170893,172760,0.977790,1868,high
CP068257.1:11699867-12031015,3_13_1_2_8_4_12_14_10_6_12,172761,174628,0.976732,1868,high
CP068257.1:11699867-12031015,3_13_1_2_8_4_12_14_10_6_12,174629,176498,0.978318,1870,high
CP068257.1:11699867-12031015,3_13_1_2_8_4_12_3_9,176499,178028,0.981865,1530,low
CP068257.1:11699867-12031015,3_13_1_2_8_4_12_14_10_6_12,178029,179896,0.977790,1868,high
CP068257.1:11699867-12031015,3_13_1_2_8_4_12_14_10_6_12,179897,181764,0.975674,1868,high
CP068257.1:11699867-12031015,3_13_1_2_8_4_12_14_10_6_12,181765,183634,0.977790,1870,high
CP068257.1:11699867-12031015,3_13_1_2_8_4_12_3_9,183635,185164,0.981218,1530,low
CP068257.1:11699867-12031015,3_13_1_2_8_4_12_14_10_6_12,185165,187030,0.975145,1866,high
CP068257.1:11699867-12031015,3_13_1_2_8_4_12_14_10_6_12,187031,188900,0.978318,1870,high
CP068257.1:11699867-12031015,3_13_1_2_8_4_12_9,188901,190430,0.881699,1530,low
CP068257.1:11699867-12031015,3_13_1_2_8_4_12_14_10_6_12,190431,192298,0.977261,1868,high
CP068257.1:11699867-12031015,3_13_1_2_8_4_12_14_10_6_12,192299,194166,0.975145,1868,high
CP068257.1:11699867-12031015,3_13_1_2_8_4_12_14_10_6_12,194167,196036,0.977790,1870,high
CP068257.1:11699867-12031015,3_13_1_2_8_4_12_3_9,196037,197566,0.981218,1530,low
CP068257.1:11699867-12031015,3_13_1_2_8_4_12_14_10_6_12,197567,199434,0.977790,1868,high
CP068257.1:11699867-12031015,3_13_1_2_8_4_12_14_10_6_12,199435,201304,0.979376,1870,high
CP068257.1:11699867-12031015,3_13_1_2_8_4_12_14_10_6_12,201305,203174,0.977790,1870,high
CP068257.1:11699867-12031015,3_13_1_2_8_4_12_3_9,203175,204704,0.981218,1530,low
CP068257.1:11699867-12031015,3_13_1_2_8_4_12_14_10_6_12,204705,206572,0.977790,1868,high
CP068257.1:11699867-12031015,3_13_1_2_8_4_12_14_10_6_12,206573,208440,0.976732,1868,high
CP068257.1:11699867-12031015,3_13_1_2_8_4_12_14_10_6_12,208441,210310,0.977790,1870,high
CP068257.1:11699867-12031015,3_13_1_2_8_4_12_14_10_6_12,210311,212174,0.949233,1864,high
CP068257.1:11699867-12031015,1_2,212175,212511,0.994100,337,low
CP068257.1:11699867-12031015,8_4_12_14_10_6_12_3_13_1_2,212512,214381,0.978318,1870,high
CP068257.1:11699867-12031015,8_4_12_3,214382,215070,0.984150,689,low
CP068257.1:11699867-12031015,3_13_1_2_8_4_12_14_10_6_12,215239,217106,0.978318,1868,high
CP068257.1:11699867-12031015,3_13_1_2_8_4_12_14_10_6_12,217107,218976,0.979376,1870,high
CP068257.1:11699867-12031015,3_13_1_2_8_4,218977,219989,0.990167,1013,low
CP068257.1:11699867-12031015,6_12_3_13_1_2_8_4_12_14_10,219990,222026,0.883162,2037,high
CP068257.1:11699867-12031015,6_12_3_13_1_2_8_4_12_14_10,222027,223904,0.973559,1878,high
CP068257.1:11699867-12031015,3_13_1_2_8_4_12_14_10_6_12,223905,225772,0.977261,1868,high
CP068257.1:11699867-12031015,3_13_1_2_8_4_12_14_10_6_12,225773,227636,0.949762,1864,high
CP068257.1:11699867-12031015,1_2,227637,227973,0.994100,337,low
CP068257.1:11699867-12031015,8_4_12_14_10_6_12_3_13_1_2,227974,229846,0.960867,1873,high
CP068257.1:11699867-12031015,1_2,229847,230183,0.991150,337,low
CP068257.1:11699867-12031015,8_4_12_14_10_6_12_3_13_1_2,230184,232053,0.976203,1870,high
CP068257.1:11699867-12031015,8_4_12_14_10_6_12_3_13_1_2,232054,233920,0.972501,1867,high
CP068257.1:11699867-12031015,6,233921,234091,0.976608,171,low
CP068257.1:11699867-12031015,12_14_10_6_12_3_13_1_2_8_4,234092,235961,0.968271,1870,high
CP068257.1:11699867-12031015,12_14_10_6_12_3_13_1_2_8_4,235962,237831,0.977790,1870,high
CP068257.1:11699867-12031015,12_14_10_6_12_3_13_1_2_8_4,237832,239701,0.978318,1870,high
CP068257.1:11699867-12031015,12_14_10_6_12_3_13_1_2_8_4,239702,241571,0.977790,1870,high
CP068257.1:11699867-12031015,12_14_10_6_12_3_13_1_2_8_4,241572,243441,0.977261,1870,high
CP068257.1:11699867-12031015,12_3_13_1_2_8_4_12_3,243442,244980,0.986460,1539,low
CP068257.1:11699867-12031015,10_6_12_3_13_1_2_8_4_12_14,244981,246842,0.973559,1862,high
CP068257.1:11699867-12031015,10_6_12_3_13_1_2_8_4_12_14,246843,248712,0.976203,1870,high
CP068257.1:11699867-12031015,10_6_12_3_13_1_2_8_4_12_14,248713,250582,0.978318,1870,high
CP068257.1:11699867-12031015,10_6_12_3_13_1_2_8_4_12_14,250583,252452,0.976203,1870,high
CP068257.1:11699867-12031015,10_6_12_3_13_1_2_8_4,252453,253981,0.982456,1529,low
CP068257.1:11699867-12031015,12_3_13_1_2_8_4_12_14_10_6,253982,255851,0.983607,1870,high
CP068257.1:11699867-12031015,12_3_13_1_2_8_4_12_14_10_6,255852,257721,0.975674,1870,high
CP068257.1:11699867-12031015,12_3_13_1_2_8_4_12_14_10_6,257722,259591,0.979905,1870,high
CP068257.1:11699867-12031015,12_3_13_1_2_8_4_12_14_10_6,259592,261461,0.976732,1870,high
CP068257.1:11699867-12031015,12_3_13_1_2_8_4_12_14_10_6,261462,263331,0.977790,1870,high
CP068257.1:11699867-12031015,12_3_13_1_2_8_4_12_14_10_6,263332,265201,0.973559,1870,high
CP068257.1:11699867-12031015,12_3_13_1_2_8_4_12_14_10_6,265202,267071,0.977790,1870,high
CP068257.1:11699867-12031015,12_3_13_1_2_8_4_12_14_10_6,267072,268941,0.978847,1870,high
CP068257.1:11699867-12031015,12_3_13_1_2_8_4_12_14_10_6,268942,270811,0.978847,1870,high
CP068257.1:11699867-12031015,12_3_13_1_2_8_4_12_14_10_6,270812,272681,0.978847,1870,high
CP068257.1:11699867-12031015,12_3_13_1_2_8_4_12_14_10_6,272682,274551,0.978847,1870,high
CP068257.1:11699867-12031015,12_3_13_1_2_8_4_12_14_10_6,274552,276421,0.978847,1870,high
CP068257.1:11699867-12031015,12_3_13_1_2_8_4_12_14_10_6,276422,278291,0.978847,1870,high
CP068257.1:11699867-12031015,12_3_13_1_2_8_4_12_14_10_6,278292,280161,0.978847,1870,high
CP068257.1:11699867-12031015,12_3_13_1_2_8_4_12_14_10_6,280162,282031,0.978847,1870,high
CP068257.1:11699867-12031015,12_3_13_1_2_8_4_12_14_10_6,282032,283901,0.975674,1870,high
CP068257.1:11699867-12031015,12_3_13_1_2_8_4_12_14_10_6,283902,285771,0.979905,1870,high
CP068257.1:11699867-12031015,12_3_13_1_2_8_4_12_14_10_6,285772,287641,0.976732,1870,high
CP068257.1:11699867-12031015,12_3_13_1_2_8_4_12_14_10_6,287642,289508,0.976203,1867,high
CP068257.1:11699867-12031015,12_3_13_1_2_8_4_12_14_10_6,289509,291378,0.974088,1870,high
CP068257.1:11699867-12031015,12_3_13_1_2_8_4_12_14_10_6,291379,293248,0.976732,1870,high
CP068257.1:11699867-12031015,12_3_13_1_2_8_4_12_14_10_6,293249,295115,0.976203,1867,high
CP068257.1:11699867-12031015,12_3_13_1_2_8_4_12_14_10_6,295116,296985,0.973559,1870,high
CP068257.1:11699867-12031015,12_3_13_1_2_8_4_12_14_10_6,296986,298852,0.975145,1867,high
CP068257.1:11699867-12031015,12_3_13_1_2_8_4_12_14_10_6,298853,300719,0.974617,1867,high
CP068257.1:11699867-12031015,12_3_13_1_2_8_4_12_14_10_6,300720,302586,0.974617,1867,high
CP068257.1:11699867-12031015,12_3_13_1_2_8_4_12_14_10_6,302587,304456,0.974617,1870,high
CP068257.1:11699867-12031015,12_3_13_1_2_8_4_12_14_10_6,304457,306326,0.977790,1870,high
CP068257.1:11699867-12031015,12_3_13_1_2_8_4_12_14_10_6,306327,308196,0.977261,1870,high
CP068257.1:11699867-12031015,12_3_13_1_2_8_4_12_14_10_6,308197,310066,0.977790,1870,high
CP068257.1:11699867-12031015,12_3_13_1_2_8_4_12_14_10_6,310077,311936,0.974088,1860,high
CP068257.1:11699867-12031015,12_3_13_1_2_8_4_12_14_10_6,311937,313806,0.977790,1870,high
CP068257.1:11699867-12031015,12_3_13_1_2_8_4_12_14_10_6,313807,315676,0.976732,1870,high
CP068257.1:11699867-12031015,12_3_13_1_2_8_4_12_14_10_6,315677,317546,0.978318,1870,high
CP068257.1:11699867-12031015,12_3_13_1_2_8_4_12_14_10_6,317547,319414,0.977261,1868,high
CP068257.1:11699867-12031015,12_3_13_1_2_8_4_12_14_10_6,319415,321284,0.978318,1870,high
CP068257.1:11699867-12031015,12_3_13_1_2_8_4_12_14_10_6,321285,323154,0.977261,1870,high
CP068257.1:11699867-12031015,12_3_13_1_2_8_4_12_14_10_6,323155,325024,0.973030,1870,high
CP068257.1:11699867-12031015,12_3_13_1_2_8_4_12_14_10_6,325025,326894,0.972501,1870,high
CP068257.1:11699867-12031015,12_8_4_12_14_10,326895,327916,0.952061,1022,low
CP068257.1:11699867-12031015,10_6_12_3_13_1_2_8_4_12_14,327917,329789,0.934426,1873,high
CP068257.1:11699867-12031015,10_6_4_12_8_4_12_3,329790,331148,0.958183,1359,low
